-2.4492935982947065e-15
0.1253332335643011
0.24868988716484414
0.3681245526846671
0.4817536741017044
0.5877852522924625
0.6845471059286734
0.7705132427757754
0.8443279255020031
0.9048270524660097
0.9510565162951462
0.9822872507286827
0.9980267284282691
0.9980267284282737
0.9822872507286964
0.9510565162951686
0.9048270524660376
0.8443279255020419
0.7705132427758171
0.6845471059287263
0.5877852522925212
0.48175367410176173
0.3681245526847345
0.24868988716492127
0.12533323356436601
7.007331817541896e-14
-0.12533323356422696
-0.24868988716478552
-0.3681245526846042
-0.4817536741016389
-0.5877852522924077
-0.6845471059286241
-0.7705132427757369
-0.8443279255019669
-0.9048270524659778
-0.9510565162951253
-0.9822872507286701
-0.9980267284282648
-0.9980267284282779
-0.982287250728709
-0.9510565162951895
-0.9048270524660663
-0.8443279255020781
-0.7705132427758602
-0.6845471059287755
-0.5877852522925759
-0.48175367410182096
-0.3681245526847974
-0.24868988716498677
-0.1253332335644331
-1.376973427525432e-13
0.12533323356415987
0.24868988716472004
0.3681245526845413
0.4817536741015921
0.5877852522923531
0.6845471059285748
0.7705132427756938
0.8443279255019306
0.9048270524659491
0.9510565162951045
0.9822872507286574
0.9980267284282606
0.9980267284282821
0.9822872507287217
0.9510565162952104
0.9048270524660952
0.8443279255021144
0.7705132427759034
0.6845471059288248
0.5877852522926306
0.48175367410188025
0.3681245526848603
0.24868988716505228
0.12533323356450018
2.0532136732966746e-13
-0.1253332335640928
-0.24868988716465454
-0.36812455268447847
-0.48175367410153286
-0.5877852522922984
-0.6845471059285255
-0.7705132427756506
-0.8443279255018944
-0.9048270524659203
-0.9510565162950835
-0.9822872507286448
-0.9980267284282563
-0.9980267284282863
-0.9822872507287344
-0.9510565162952269
-0.9048270524661239
-0.8443279255021506
-0.7705132427759465
-0.6845471059288741
-0.5877852522926853
-0.4817536741019395
-0.3681245526849231
-0.24868988716511778
-0.12533323356456727
-2.729453919067917e-13
0.1253332335640398
0.24868988716458904
0.3681245526844156
0.4817536741014736
0.5877852522922437
0.6845471059284762
0.7705132427756075
0.8443279255018582
0.9048270524658915
0.9510565162950626
0.9822872507286321
0.9980267284282521
0.9980267284282907
0.982287250728747
0.9510565162952478
0.9048270524661527
0.8443279255021869
0.7705132427759895
0.6845471059289234
0.58778525229274
0.48175367410199876
0.368124552684986
0.24868988716518328
0.12533323356463438
3.40569416483916e-13
-0.1253332335639727
-0.24868988716452353
-0.3681245526843527
-0.48175367410141434
-0.5877852522921889
-0.6845471059284269
-0.7705132427755644
-0.8443279255018219
-0.9048270524658627
-0.9510565162950417
-0.9822872507286194
-0.9980267284282488
-0.9980267284282949
-0.9822872507287597
-0.9510565162952688
-0.9048270524661816
-0.8443279255022231
-0.7705132427760326
-0.6845471059289727
-0.5877852522927948
-0.481753674102058
-0.3681245526850489
-0.24868988716523502
-0.12533323356470147
-4.081934410610402e-13
0.1253332335639056
0.24868988716445803
0.36812455268428984
0.48175367410135506
0.5877852522921343
0.6845471059283776
0.7705132427755214
0.8443279255017857
0.904827052465834
0.9510565162950209
0.9822872507286067
0.9980267284282445
0.9980267284282991
0.9822872507287723
0.9510565162952896
0.9048270524662103
0.8443279255022593
0.7705132427760757
0.684547105929022
0.5877852522928494
0.4817536741021173
0.36812455268511174
0.2486898871653005
0.12533323356476855
4.758174656381644e-13
-0.12533323356383852
-0.24868988716439253
-0.36812455268422695
-0.4817536741012958
-0.5877852522920796
-0.6845471059283283
-0.7705132427754782
-0.8443279255017494
-0.9048270524658112
-0.951056516295
-0.982287250728594
-0.9980267284282403
-0.9980267284283033
-0.9822872507287851
-0.9510565162953105
-0.9048270524662391
-0.8443279255022956
-0.7705132427761189
-0.6845471059290713
-0.5877852522929041
-0.4817536741021765
-0.36812455268517463
-0.248689887165366
-0.12533323356483564
-5.434414902152887e-13
0.12533323356377143
0.24868988716432702
0.36812455268416405
0.48175367410123654
0.5877852522920248
0.684547105928279
0.7705132427754351
0.8443279255017132
0.9048270524657823
0.951056516294979
0.9822872507285814
0.998026728428236
0.9980267284283076
0.9822872507287977
0.9510565162953314
0.9048270524662679
0.8443279255023318
0.770513242776162
0.6845471059291206
0.5877852522929473
0.4817536741022358
0.3681245526852375
0.2486898871654315
0.12533323356490272
6.11065514792413e-13
-0.12533323356370435
-0.24868988716426155
-0.3681245526841012
-0.4817536741011773
-0.5877852522919701
-0.6845471059282401
-0.770513242775392
-0.844327925501677
-0.9048270524657536
-0.9510565162949581
-0.9822872507285687
-0.9980267284282318
-0.9980267284283119
-0.9822872507288104
-0.9510565162953523
-0.9048270524662967
-0.844327925502368
-0.770513242776205
-0.6845471059291699
-0.587785252293002
-0.481753674102295
-0.36812455268530037
-0.248689887165497
-0.12533323356496984
-6.786895393695373e-13
0.12533323356363724
0.24868988716419604
0.3681245526840383
0.481753674101118
0.5877852522919154
0.6845471059281908
0.7705132427753489
0.8443279255016407
0.9048270524657248
0.9510565162949373
0.982287250728556
0.9980267284282275
0.9980267284283161
0.9822872507288231
0.9510565162953732
0.9048270524663254
0.8443279255023967
0.7705132427762482
0.6845471059292192
0.5877852522930568
0.4817536741023543
0.36812455268536326
0.2486898871655625
0.12533323356503692
7.463135639466615e-13
-0.12533323356357015
-0.24868988716413054
-0.3681245526839754
-0.48175367410105874
-0.5877852522918607
-0.6845471059281415
-0.7705132427753058
-0.8443279255016045
-0.904827052465696
-0.9510565162949164
-0.9822872507285434
-0.9980267284282233
-0.9980267284283203
-0.9822872507288357
-0.9510565162953941
-0.9048270524663543
-0.8443279255024329
-0.7705132427762913
-0.6845471059292685
-0.5877852522931115
-0.48175367410241354
-0.36812455268542615
-0.248689887165628
-0.125333233565104
-8.139375885237857e-13
0.12533323356350307
0.24868988716406504
0.3681245526839258
0.4817536741009995
0.587785252291806
0.6845471059280922
0.7705132427752627
0.8443279255015683
0.9048270524656672
0.9510565162948954
0.9822872507285307
0.998026728428219
0.9980267284283246
0.9822872507288457
0.951056516295415
0.9048270524663831
0.8443279255024692
0.7705132427763344
0.6845471059293178
0.5877852522931661
0.48175367410247283
0.368124552685489
0.2486898871656935
0.1253332335651711
8.8156161310091e-13
-0.12533323356343598
-0.24868988716399953
-0.3681245526838629
-0.4817536741009402
-0.5877852522917513
-0.6845471059280429
-0.7705132427752196
-0.844327925501532
-0.9048270524656384
-0.9510565162948745
-0.9822872507285181
-0.9980267284282148
-0.9980267284283288
-0.9822872507288584
-0.9510565162954359
-0.9048270524664118
-0.8443279255025053
-0.7705132427763774
-0.6845471059293671
-0.5877852522932209
-0.4817536741025321
-0.3681245526855519
-0.24868988716575902
-0.12533323356523818
-9.349747829628323e-13
0.1253332335633689
0.24868988716393403
0.36812455268380007
0.481753674100881
0.5877852522916965
0.6845471059279936
0.7705132427751765
0.8443279255014958
0.9048270524656096
0.9510565162948537
0.982287250728508
0.9980267284282105
0.9980267284283331
0.9822872507288711
0.9510565162954567
0.9048270524664407
0.8443279255025417
0.7705132427764206
0.6845471059294164
0.5877852522932756
0.48175367410259134
0.3681245526856148
0.2486898871658245
0.1253332335653053
1.0025988075399566e-12
-0.12533323356330178
-0.24868988716386853
-0.36812455268373717
-0.4817536741008217
-0.5877852522916419
-0.6845471059279443
-0.7705132427751333
-0.8443279255014595
-0.9048270524655808
-0.9510565162948328
-0.9822872507284953
-0.9980267284282063
-0.9980267284283373
-0.9822872507288838
-0.9510565162954777
-0.9048270524664694
-0.8443279255025778
-0.7705132427764637
-0.6845471059294657
-0.5877852522933303
-0.48175367410265063
-0.3681245526856644
-0.24868988716589
-0.12533323356537238
-1.0702228321170808e-12
0.1253332335632347
0.24868988716380303
0.3681245526836743
0.4817536741007625
0.5877852522915872
0.684547105927895
0.7705132427750903
0.8443279255014233
0.9048270524655521
0.9510565162948119
0.9822872507284827
0.9980267284282021
0.9980267284283416
0.9822872507288964
0.9510565162954986
0.9048270524664982
0.844327925502614
0.7705132427765068
0.684547105929515
0.5877852522933851
0.48175367410270986
0.3681245526857273
0.2486898871659555
0.12533323356543946
1.137846856694205e-12
-0.1253332335631676
-0.24868988716373755
-0.36812455268361144
-0.4817536741007032
-0.5877852522915324
-0.6845471059278457
-0.7705132427750472
-0.8443279255013947
-0.9048270524655232
-0.9510565162947909
-0.98228725072847
-0.9980267284281978
-0.9980267284283458
-0.9822872507289091
-0.9510565162955195
-0.9048270524665271
-0.8443279255026503
-0.7705132427765499
-0.6845471059295539
-0.5877852522934397
-0.48175367410276915
-0.3681245526857902
-0.248689887166021
-0.12533323356550655
-1.2054708812713292e-12
0.12533323356310053
0.24868988716367205
0.36812455268354854
0.48175367410064396
0.5877852522914777
0.6845471059277964
0.7705132427750041
0.8443279255013585
0.9048270524654944
0.9510565162947701
0.9822872507284574
0.9980267284281935
0.99802672842835
0.9822872507289218
0.9510565162955403
0.9048270524665558
0.8443279255026865
0.770513242776593
0.6845471059296032
0.5877852522934944
0.4817536741028284
0.36812455268585303
0.2486898871660865
0.12533323356557363
1.2730949058484535e-12
-0.12533323356303344
-0.24868988716360654
-0.36812455268348565
-0.4817536741005847
-0.5877852522914345
-0.6845471059277471
-0.7705132427749609
-0.8443279255013223
-0.9048270524654657
-0.9510565162947492
-0.9822872507284447
-0.9980267284281893
-0.9980267284283543
-0.9822872507289344
-0.9510565162955613
-0.9048270524665846
-0.8443279255027228
-0.7705132427766361
-0.6845471059296525
-0.5877852522935492
-0.48175367410288766
-0.36812455268591593
-0.248689887166152
-0.12533323356564074
-1.3407189304255778e-12
0.12533323356296633
0.24868988716354104
0.3681245526834228
0.48175367410052544
0.5877852522913798
0.6845471059276979
0.7705132427749178
0.844327925501286
0.9048270524654368
0.9510565162947283
0.982287250728432
0.9980267284281851
0.9980267284283586
0.9822872507289471
0.9510565162955822
0.9048270524666073
0.844327925502759
0.7705132427766792
0.6845471059297018
0.5877852522936153
0.4817536741029469
0.3681245526859788
0.24868988716620374
0.12533323356570783
1.408342955002702e-12
-0.12533323356291334
-0.24868988716347554
-0.3681245526833599
-0.48175367410047865
-0.5877852522913136
-0.6845471059276486
-0.7705132427748838
-0.8443279255012421
-0.9048270524654081
-0.9510565162947118
-0.9822872507284166
-0.9980267284281809
-0.9980267284283619
-0.9822872507289624
-0.9510565162956031
-0.9048270524666362
-0.8443279255028029
-0.7705132427767223
-0.6845471059297511
-0.5877852522936471
-0.4817536741030062
-0.36812455268604166
-0.24868988716626925
-0.12533323356577492
-1.4759669795798263e-12
0.12533323356284626
0.24868988716341003
0.368124552683297
0.48175367410041936
0.5877852522912589
0.6845471059275993
0.7705132427748407
0.844327925501206
0.9048270524653793
0.9510565162946909
0.982287250728404
0.9980267284281765
0.9980267284283661
0.9822872507289752
0.9510565162956239
0.904827052466665
0.8443279255028391
0.7705132427767655
0.6845471059298004
0.5877852522937018
0.4817536741030654
0.36812455268610456
0.24868988716633472
0.125333233565842
1.5435910041569506e-12
-0.12533323356277917
-0.24868988716334453
-0.3681245526832342
-0.48175367410036013
-0.5877852522912042
-0.68454710592755
-0.7705132427747976
-0.8443279255011696
-0.9048270524653504
-0.9510565162946699
-0.9822872507283913
-0.9980267284281723
-0.9980267284283704
-0.9822872507289878
-0.9510565162956449
-0.9048270524666937
-0.8443279255028601
-0.7705132427768085
-0.6845471059298497
-0.5877852522937564
-0.4817536741031247
-0.36812455268616745
-0.24868988716640023
-0.12533323356590909
-1.6112150287340749e-12
0.1253332335627121
0.24868988716327906
0.3681245526831713
0.48175367410030084
0.5877852522911495
0.6845471059275007
0.7705132427747545
0.8443279255011334
0.9048270524653217
0.951056516294649
0.9822872507283786
0.9980267284281681
0.9980267284283747
0.9822872507290005
0.9510565162956658
0.9048270524667226
0.8443279255028964
0.7705132427768516
0.684547105929899
0.5877852522938112
0.4817536741031839
0.3681245526862303
0.24868988716646573
0.1253332335659762
1.678839053311199e-12
-0.12533323356264497
-0.24868988716321355
-0.3681245526831084
-0.4817536741002416
-0.5877852522910948
-0.6845471059274514
-0.7705132427747113
-0.8443279255010973
-0.9048270524652929
-0.9510565162946282
-0.982287250728366
-0.9980267284281639
-0.9980267284283789
-0.9822872507290078
-0.9510565162956867
-0.9048270524667513
-0.8443279255029326
-0.7705132427768947
-0.6845471059299483
-0.5877852522938659
-0.4817536741032432
-0.3681245526862932
-0.24868988716653123
-0.12533323356604328
-1.7464630778883232e-12
0.1253332335625779
0.24868988716314805
0.36812455268304556
0.4817536741001823
0.5877852522910401
0.6845471059274021
0.7705132427746683
0.844327925501061
0.9048270524652641
0.9510565162946073
0.9822872507283533
0.9980267284281595
0.9980267284283831
0.9822872507290205
0.9510565162957075
0.9048270524667801
0.8443279255029689
0.7705132427769379
0.6845471059299976
0.5877852522939206
0.48175367410330244
0.3681245526863561
0.24868988716659673
0.12533323356611037
1.8140871024654475e-12
-0.1253332335625108
-0.24868988716308255
-0.36812455268298266
-0.48175367410012304
-0.5877852522909853
-0.6845471059273528
-0.7705132427746252
-0.8443279255010248
-0.9048270524652353
-0.9510565162945864
-0.9822872507283407
-0.9980267284281553
-0.9980267284283874
-0.9822872507290331
-0.9510565162957284
-0.904827052466809
-0.8443279255030051
-0.770513242776981
-0.6845471059300469
-0.5877852522939753
-0.48175367410336173
-0.3681245526864189
-0.24868988716666224
-0.12533323356617745
-1.8817111270425718e-12
0.12533323356244372
0.24868988716301704
0.36812455268291977
0.4817536741000638
0.5877852522909306
0.6845471059273035
0.7705132427745821
0.8443279255009885
0.9048270524652066
0.9510565162945654
0.9822872507283332
0.9980267284281511
0.9980267284283917
0.9822872507290458
0.9510565162957494
0.9048270524668377
0.8443279255030413
0.770513242777024
0.6845471059300962
0.58778525229403
0.48175367410342096
0.3681245526864818
0.24868988716672774
0.12533323356624454
1.949335151619696e-12
-0.12533323356237663
-0.24868988716295154
-0.36812455268285693
-0.4817536741000045
-0.587785252290876
-0.6845471059272542
-0.7705132427745389
-0.8443279255009523
-0.9048270524651777
-0.9510565162945446
-0.9822872507283206
-0.9980267284281469
-0.9980267284283959
-0.9822872507290585
-0.9510565162957703
-0.9048270524668665
-0.8443279255030776
-0.7705132427770671
-0.6845471059301454
-0.5877852522940847
-0.48175367410348024
-0.3681245526865447
-0.24868988716679324
-0.12533323356631165
-2.0169591761968203e-12
0.12533323356230952
0.24868988716288604
0.36812455268279404
0.4817536740999453
0.5877852522908212
0.6845471059272049
0.7705132427744958
0.8443279255009313
0.9048270524651489
0.9510565162945237
0.9822872507283079
0.9980267284281426
0.9980267284284001
0.9822872507290712
0.9510565162957911
0.9048270524668953
0.8443279255031138
0.7705132427771103
0.6845471059301947
0.5877852522941395
0.48175367410353953
0.36812455268660754
0.24868988716685872
0.12533323356637874
2.0845832007739444e-12
-0.12533323356224244
-0.24868988716282053
-0.36812455268273114
-0.481753674099886
-0.5877852522907665
-0.6845471059271556
-0.7705132427744528
-0.8443279255008951
-0.9048270524651202
-0.9510565162945028
-0.9822872507282953
-0.9980267284281383
-0.9980267284284043
-0.9822872507290838
-0.951056516295812
-0.9048270524669241
-0.84432792550315
-0.7705132427771534
-0.684547105930244
-0.5877852522941942
-0.48175367410359876
-0.36812455268667044
-0.24868988716692422
-0.12533323356644582
-2.152207225351069e-12
0.12533323356217535
0.24868988716275506
0.3681245526826683
0.4817536740998268
0.5877852522907349
0.6845471059271063
0.7705132427744097
0.8443279255008588
0.9048270524650913
0.9510565162944818
0.9822872507282826
0.9980267284281341
0.9980267284284087
0.9822872507290965
0.951056516295833
0.9048270524669528
0.8443279255031862
0.7705132427771965
0.6845471059302933
0.5877852522942488
0.481753674103658
0.3681245526867333
0.24868988716698973
0.1253332335665129
2.219831249928193e-12
-0.12533323356210826
-0.24868988716268955
-0.3681245526826054
-0.4817536740997675
-0.5877852522906801
-0.684547105927057
-0.7705132427743665
-0.8443279255008226
-0.9048270524650626
-0.951056516294461
-0.98228725072827
-0.9980267284281299
-0.9980267284284129
-0.9822872507291092
-0.9510565162958539
-0.9048270524669817
-0.8443279255032224
-0.7705132427772395
-0.6845471059303426
-0.5877852522943036
-0.4817536741037173
-0.36812455268679617
-0.24868988716705523
-0.12533323356658
-2.2874552745053174e-12
0.12533323356204118
0.24868988716265159
0.3681245526825425
0.48175367409970826
0.5877852522906254
0.6845471059270076
0.7705132427743234
0.8443279255007863
0.9048270524650338
0.9510565162944401
0.9822872507282573
0.9980267284281256
0.9980267284284171
0.9822872507291218
0.9510565162958747
0.9048270524670105
0.8443279255032587
0.7705132427772827
0.6845471059303919
0.5877852522943583
0.48175367410377656
0.36812455268685906
0.24868988716712073
0.1253332335666471
2.3550792990824415e-12
-0.12533323356197407
-0.24868988716258608
-0.3681245526824797
-0.481753674099649
-0.5877852522905707
-0.6845471059269583
-0.7705132427742803
-0.8443279255007501
-0.9048270524650049
-0.9510565162944192
-0.9822872507282445
-0.9980267284281213
-0.9980267284284213
-0.9822872507291345
-0.9510565162958956
-0.9048270524670392
-0.8443279255032949
-0.7705132427773258
-0.6845471059304412
-0.587785252294413
-0.4817536741038358
-0.3681245526869219
-0.24868988716718624
-0.1253332335667142
-2.422703323659566e-12
0.12533323356190698
0.24868988716252058
0.3681245526824168
0.48175367409958975
0.5877852522905159
0.684547105926909
0.7705132427742373
0.8443279255007139
0.9048270524649762
0.9510565162943984
0.9822872507282319
0.9980267284281171
0.9980267284284257
0.9822872507291472
0.9510565162959165
0.9048270524670681
0.8443279255033311
0.7705132427773689
0.6845471059304905
0.5877852522944677
0.4817536741038951
0.3681245526869848
0.24868988716725174
0.12533323356675308
2.49032734823669e-12
-0.1253332335618399
-0.24868988716245508
-0.3681245526823539
-0.48175367409953046
-0.5877852522904613
-0.6845471059268597
-0.7705132427741941
-0.8443279255006776
-0.9048270524649473
-0.9510565162943774
-0.9822872507282192
-0.9980267284281129
-0.9980267284284299
-0.9822872507291599
-0.9510565162959375
-0.9048270524670968
-0.8443279255033674
-0.7705132427774121
-0.6845471059305398
-0.5877852522945224
-0.4817536741039543
-0.3681245526870477
-0.24868988716731721
-0.12533323356682016
-2.557951372813814e-12
0.1253332335617728
0.24868988716238957
0.36812455268229105
0.48175367409947123
0.5877852522904066
0.6845471059268105
0.770513242774151
0.8443279255006414
0.9048270524649186
0.9510565162943565
0.9822872507282066
0.9980267284281086
0.9980267284284341
0.9822872507291726
0.9510565162959583
0.9048270524671256
0.8443279255034036
0.7705132427774551
0.6845471059305891
0.5877852522945771
0.48175367410398867
0.36812455268711053
0.24868988716738272
0.12533323356688725
2.6255753973909386e-12
-0.12533323356170573
-0.24868988716232407
-0.36812455268222816
-0.48175367409941194
-0.5877852522903518
-0.6845471059267612
-0.7705132427741079
-0.8443279255006052
-0.9048270524648898
-0.9510565162943356
-0.9822872507281939
-0.9980267284281044
-0.9980267284284383
-0.9822872507291852
-0.9510565162959792
-0.9048270524671544
-0.8443279255034398
-0.7705132427774982
-0.6845471059306384
-0.5877852522946319
-0.4817536741040479
-0.3681245526871734
-0.24868988716744822
-0.12533323356695436
-2.6931994219680627e-12
0.1253332335616386
0.24868988716225857
0.36812455268216526
0.4817536740993527
0.5877852522902971
0.6845471059267119
0.7705132427740647
0.8443279255005689
0.9048270524648611
0.9510565162943148
0.9822872507281812
0.9980267284281001
0.9980267284284426
0.9822872507291979
0.9510565162960001
0.9048270524671832
0.8443279255034761
0.7705132427775232
0.6845471059306877
0.5877852522946866
0.4817536741041072
0.3681245526872363
0.24868988716751372
0.12533323356702145
2.760823446545187e-12
-0.12533323356157153
-0.2486898871621931
-0.3681245526821024
-0.4817536740992934
-0.5877852522902425
-0.6845471059266626
-0.7705132427740217
-0.8443279255005327
-0.9048270524648322
-0.9510565162942938
-0.9822872507281686
-0.9980267284280959
-0.9980267284284469
-0.9822872507292105
-0.9510565162960211
-0.904827052467212
-0.8443279255035123
-0.7705132427775663
-0.684547105930737
-0.5877852522947412
-0.4817536741041664
-0.36812455268729916
-0.24868988716757923
-0.12533323356708853
-2.8284474711223113e-12
0.12533323356150444
0.2486898871621276
0.36812455268203953
0.4817536740992342
0.5877852522901877
0.6845471059266133
0.7705132427739786
0.8443279255004965
0.9048270524648034
0.9510565162942729
0.9822872507281559
0.9980267284280916
0.9980267284284511
0.9822872507292232
0.9510565162960332
0.9048270524672408
0.8443279255035486
0.7705132427776095
0.6845471059307863
0.587785252294796
0.4817536741042257
0.36812455268736205
0.24868988716764473
0.12533323356715562
2.8960714956994357e-12
-0.12533323356143736
-0.24868988716206208
-0.36812455268197664
-0.4817536740991749
-0.587785252290133
-0.684547105926564
-0.7705132427739355
-0.8443279255004602
-0.9048270524647746
-0.951056516294252
-0.9822872507281432
-0.9980267284280874
-0.9980267284284553
-0.9822872507292358
-0.951056516296054
-0.9048270524672696
-0.8443279255035848
-0.7705132427776525
-0.6845471059308357
-0.5877852522948507
-0.48175367410428493
-0.36812455268742494
-0.24868988716771023
-0.1253332335672227
-2.96369552027656e-12
0.12533323356139844
0.24868988716202411
0.36812455268199307
0.4817536740991904
0.5877852522901703
0.6845471059266183
0.770513242774001
0.8443279255005154
0.9048270524648426
0.9510565162943014
0.9822872507281731
0.998026728428101
0.9980267284284418
0.98228725072919
0.9510565162959783
0.904827052467141
0.8443279255034231
0.770513242777442
0.6845471059305741
0.5877852522945375
0.4817536741039457
0.36812455268701216
0.24868988716728022
0.12533323356675405
2.4628853562456038e-12
-0.12533323356186712
-0.2486898871625092
-0.36812455268243227
-0.4817536740996292
-0.5877852522905525
-0.6845471059269834
-0.7705132427743022
-0.8443279255007837
-0.9048270524650438
-0.9510565162944562
-0.982287250728267
-0.9980267284281324
-0.9980267284284103
-0.9822872507290962
-0.9510565162958236
-0.90482705246694
-0.8443279255031547
-0.7705132427771408
-0.6845471059302091
-0.5877852522941553
-0.4817536741035069
-0.3681245526865729
-0.24868988716679513
-0.1253332335662854
-1.962075192214648e-12
0.12533323356236398
0.24868988716299426
0.3681245526828979
0.4817536741000432
0.5877852522909576
0.6845471059273277
0.7705132427746214
0.8443279255010369
0.904827052465257
0.9510565162946021
0.9822872507283609
0.9980267284281621
0.9980267284283788
0.9822872507290076
0.9510565162956688
0.9048270524667267
0.8443279255028864
0.7705132427768216
0.6845471059298647
0.5877852522937501
0.4817536741030929
0.3681245526861073
0.24868988716633758
0.12533323356578852
1.4896867376140962e-12
-0.12533323356286083
-0.2486898871634518
-0.3681245526833636
-0.4817536741004821
-0.5877852522913628
-0.6845471059276929
-0.7705132427749406
-0.8443279255013052
-0.9048270524654581
-0.9510565162947568
-0.9822872507284494
-0.9980267284281935
-0.9980267284283492
-0.9822872507289138
-0.9510565162955228
-0.9048270524665135
-0.8443279255026332
-0.7705132427765025
-0.6845471059294996
-0.587785252293345
-0.481753674102654
-0.36812455268564165
-0.2486898871658525
-0.12533323356531986
-9.888765735831403e-13
0.1253332335633295
0.2486898871639369
0.3681245526838028
0.4817536741009209
0.5877852522917449
0.6845471059280579
0.7705132427752418
0.8443279255015735
0.9048270524656714
0.9510565162949116
0.9822872507285432
0.998026728428225
0.9980267284283177
0.9822872507288253
0.951056516295368
0.9048270524663123
0.8443279255023649
0.7705132427762013
0.6845471059291346
0.5877852522929629
0.4817536741022152
0.36812455268520244
0.24868988716536744
0.125333233564823
4.880664095521844e-13
-0.12533323356382636
-0.24868988716442197
-0.3681245526842684
-0.4817536741013349
-0.5877852522921501
-0.6845471059284023
-0.770513242775561
-0.8443279255018267
-0.9048270524658846
-0.9510565162950576
-0.982287250728637
-0.9980267284282547
-0.9980267284282863
-0.9822872507287315
-0.9510565162952133
-0.9048270524660991
-0.8443279255020966
-0.7705132427758821
-0.6845471059287902
-0.5877852522925576
-0.4817536741018012
-0.36812455268473676
-0.2486898871649099
-0.12533323356432613
-1.5677954951632475e-14
0.12533323356432322
0.2486898871648795
0.36812455268473404
0.4817536741017737
0.5877852522925553
0.6845471059287673
0.7705132427758802
0.844327925502095
0.9048270524660857
0.9510565162952124
0.9822872507287256
0.9980267284282861
0.9980267284282566
0.9822872507286375
0.9510565162950673
0.9048270524658859
0.8443279255018434
0.7705132427755629
0.6845471059284252
0.5877852522921525
0.4817536741013624
0.36812455268427113
0.2486898871644248
0.12533323356385748
-4.851322090793235e-13
-0.1253332335647919
-0.24868988716536458
-0.3681245526851733
-0.4817536741022126
-0.5877852522929374
-0.6845471059291324
-0.7705132427761813
-0.8443279255023634
-0.904827052466299
-0.9510565162953671
-0.9822872507288194
-0.9980267284283157
-0.9980267284282252
-0.982287250728549
-0.9510565162949126
-0.9048270524656847
-0.8443279255015751
-0.7705132427752618
-0.68454710592806
-0.5877852522917704
-0.4817536741009235
-0.36812455268383193
-0.24868988716393972
-0.12533323356336062
9.859423731102793e-13
0.12533323356528875
0.24868988716582213
0.36812455268563893
0.48175367410262654
0.5877852522933427
0.6845471059294768
0.7705132427765006
0.8443279255026165
0.9048270524665122
0.9510565162955131
0.9822872507289132
0.9980267284283472
0.9980267284281937
0.9822872507284552
0.9510565162947578
0.9048270524654715
0.844327925501322
0.7705132427749425
0.6845471059277157
0.5877852522913651
0.4817536741005095
0.3681245526833663
0.24868988716348217
0.12533323356286374
-1.4583308277108312e-12
-0.1253332335657856
-0.24868988716630722
-0.36812455268610456
-0.4817536741030654
-0.5877852522937478
-0.6845471059298418
-0.7705132427768017
-0.8443279255028848
-0.9048270524667134
-0.9510565162956679
-0.9822872507290017
-0.9980267284283787
-0.9980267284281641
-0.9822872507283614
-0.9510565162946119
-0.9048270524652583
-0.8443279255010536
-0.7705132427746233
-0.6845471059273506
-0.58778525229096
-0.4817536741000707
-0.3681245526829271
-0.24868988716299711
-0.1253332335623951
1.9591409917417873e-12
0.12533323356625428
0.24868988716679227
0.36812455268654376
0.4817536741035043
0.5877852522941299
0.684547105930207
0.7705132427771209
0.8443279255031532
0.9048270524669266
0.9510565162958227
0.9822872507290956
0.9980267284284083
0.9980267284281327
0.9822872507282728
0.9510565162944571
0.9048270524650571
0.8443279255007853
0.7705132427743222
0.6845471059269855
0.5877852522905778
0.4817536740996318
0.3681245526824614
0.24868988716251203
0.12533323356189824
-2.459951155772743e-12
-0.12533323356675113
-0.24868988716724982
-0.3681245526870094
-0.48175367410391823
-0.587785252294535
-0.6845471059305512
-0.7705132427774402
-0.8443279255034063
-0.9048270524671398
-0.9510565162959687
-0.9822872507291894
-0.9980267284284398
-0.9980267284281011
-0.982287250728179
-0.9510565162943023
-0.9048270524648439
-0.8443279255005322
-0.7705132427740029
-0.6845471059266411
-0.5877852522901726
-0.4817536740992179
-0.3681245526819958
-0.24868988716205448
-0.12533323356140136
2.932339610373295e-12
0.125333233567248
0.2486898871677349
0.36812455268747507
0.4817536741043571
0.5877852522949403
0.6845471059309164
0.7705132427777412
0.8443279255036746
0.904827052467341
0.9510565162961234
0.9822872507292779
0.9980267284284712
0.9980267284280715
0.9822872507280852
0.9510565162941563
0.9048270524646307
0.8443279255002638
0.7705132427736837
0.6845471059262761
0.5877852522897905
0.481753674098779
0.3681245526815566
0.2486898871615694
0.1253332335609327
-3.4331497744042507e-12
-0.12533323356771667
-0.24868988716822
-0.3681245526879143
-0.48175367410479597
-0.5877852522953224
-0.6845471059312814
-0.7705132427780604
-0.844327925503943
-0.9048270524675542
-0.9510565162962693
-0.9822872507293718
-0.9980267284285008
-0.9980267284280401
-0.9822872507279966
-0.9510565162940016
-0.9048270524644295
-0.8443279254999955
-0.7705132427733826
-0.6845471059259111
-0.5877852522893853
-0.48175367409834013
-0.36812455268109096
-0.24868988716108434
-0.12533323356043585
3.905538229004803e-12
0.12533323356821352
0.24868988716867754
0.3681245526883799
0.4817536741052099
0.5877852522957276
0.6845471059316258
0.7705132427783797
0.8443279255041961
0.9048270524677674
0.9510565162964241
0.9822872507294657
0.9980267284285324
0.9980267284280087
0.9822872507279028
0.9510565162938556
0.9048270524642162
0.8443279254997423
0.7705132427730633
0.6845471059255667
0.5877852522889802
0.4817536740979262
0.36812455268062527
0.2486898871606268
0.12533323355993897
-4.406348393035758e-12
-0.12533323356871037
-0.2486898871691626
-0.36812455268884553
-0.4817536741056488
-0.5877852522961098
-0.6845471059319909
-0.7705132427786808
-0.8443279255044644
-0.9048270524679686
-0.9510565162965788
-0.9822872507295541
-0.9980267284285638
-0.998026728427979
-0.982287250727809
-0.9510565162937008
-0.9048270524640031
-0.844327925499474
-0.7705132427727441
-0.6845471059252016
-0.587785252288598
-0.4817536740974873
-0.36812455268018607
-0.2486898871601417
-0.12533323355947032
4.907158557066714e-12
0.12533323356917905
0.24868988716964768
0.3681245526892848
0.48175367410608766
0.5877852522965149
0.6845471059323559
0.770513242779
0.8443279255047328
0.9048270524681817
0.9510565162967248
0.982287250729648
0.9980267284285934
0.9980267284279475
0.9822872507277205
0.951056516293546
0.9048270524638019
0.8443279254992057
0.770513242772443
0.6845471059248365
0.5877852522881928
0.48175367409704845
0.36812455267972044
0.24868988715965662
0.12533323355897347
-5.3795470116672665e-12
-0.1253332335696759
-0.24868988717010523
-0.3681245526897504
-0.4817536741065016
-0.5877852522969201
-0.6845471059327003
-0.7705132427793192
-0.8443279255049859
-0.904827052468395
-0.9510565162968796
-0.9822872507297419
-0.9980267284286248
-0.9980267284279178
-0.9822872507276319
-0.9510565162933913
-0.9048270524635886
-0.8443279254989525
-0.770513242772142
-0.6845471059244714
-0.5877852522877877
-0.4817536740966345
-0.36812455267928124
-0.24868988715917156
-0.1253332335584766
5.880357175698222e-12
0.1253332335701446
0.24868988717061785
0.36812455269021604
0.4817536741069405
0.5877852522973023
0.6845471059330447
0.7705132427796385
0.8443279255052543
0.9048270524685962
0.9510565162970256
0.9822872507298357
0.9980267284286564
0.9980267284278864
0.9822872507275381
0.9510565162932365
0.9048270524633755
0.8443279254986842
0.7705132427718226
0.6845471059241478
0.5877852522873825
0.4817536740961956
0.36812455267881555
0.24868988715874155
0.12533323355797973
-6.381167339729178e-12
-0.12533323357064144
-0.24868988717104787
-0.3681245526906817
-0.48175367410737935
-0.5877852522977074
-0.6845471059334097
-0.7705132427799577
-0.8443279255055226
-0.9048270524688093
-0.9510565162971804
-0.9822872507299188
-0.9980267284286878
-0.998026728427855
-0.9822872507274443
-0.9510565162930994
-0.9048270524631622
-0.8443279254984158
-0.7705132427715035
-0.6845471059237828
-0.5877852522869773
-0.48175367409575676
-0.3681245526783499
-0.24868988715825646
-0.12533323355753928
6.881977503760134e-12
0.1253332335711383
0.24868988717153293
0.3681245526910945
0.4817536741078182
0.5877852522981126
0.6845471059337748
0.7705132427802407
0.8443279255057909
0.9048270524690226
0.9510565162973351
0.9822872507300127
0.9980267284287156
0.9980267284278235
0.9822872507273505
0.9510565162929446
0.9048270524629732
0.8443279254981475
0.7705132427711843
0.6845471059234176
0.5877852522866182
0.4817536740953179
0.3681245526778843
0.24868988715777138
0.1253332335570424
-7.38278766779109e-12
-0.12533323357163514
-0.248689887172018
-0.36812455269156014
-0.48175367410820724
-0.5877852522985177
-0.6845471059341399
-0.7705132427805599
-0.8443279255060289
-0.9048270524692359
-0.9510565162974899
-0.9822872507301066
-0.9980267284287471
-0.998026728427792
-0.9822872507272565
-0.9510565162927899
-0.90482705246276
-0.8443279254979096
-0.770513242770865
-0.6845471059230526
-0.587785252286213
-0.48175367409492886
-0.36812455267741867
-0.2486898871572863
-0.12533323355654555
7.826754412961238e-12
0.12533323357213202
0.2486898871725031
0.36812455269202576
0.4817536741086461
0.587785252298923
0.684547105934505
0.7705132427808792
0.8443279255062972
0.9048270524694249
0.9510565162976446
0.9822872507302004
0.9980267284287785
0.9980267284277642
0.9822872507271627
0.9510565162926351
0.9048270524625467
0.8443279254976412
0.7705132427705458
0.6845471059226875
0.5877852522858078
0.48175367409449
0.36812455267700583
0.24868988715680124
0.1253332335560487
-8.327564576992194e-12
-0.12533323357257248
-0.24868988717298815
-0.3681245526924914
-0.481753674109085
-0.5877852522992821
-0.68454710593487
-0.7705132427811984
-0.8443279255065655
-0.9048270524696381
-0.9510565162977994
-0.9822872507302942
-0.99802672842881
-0.9980267284277328
-0.9822872507270796
-0.9510565162924803
-0.9048270524623335
-0.8443279254973729
-0.7705132427702628
-0.6845471059223225
-0.5877852522854027
-0.4817536740940511
-0.3681245526765402
-0.24868988715631615
-0.12533323355555182
8.828374741023149e-12
0.12533323357306936
0.2486898871734182
0.3681245526929571
0.48175367410952386
0.5877852522996873
0.6845471059351936
0.7705132427815177
0.8443279255068339
0.9048270524698514
0.9510565162979365
0.982287250730388
0.9980267284288414
0.9980267284277013
0.9822872507269856
0.9510565162923256
0.9048270524621203
0.8443279254971046
0.7705132427699436
0.6845471059219987
0.5877852522849975
0.48175367409361225
0.3681245526760746
0.24868988715588614
0.12533323355505496
-9.329184905054105e-12
-0.1253332335735662
-0.24868988717390325
-0.3681245526934227
-0.4817536741099627
-0.5877852523000925
-0.6845471059355588
-0.7705132427818007
-0.8443279255071022
-0.9048270524700646
-0.9510565162980913
-0.9822872507304713
-0.9980267284288729
-0.9980267284276698
-0.9822872507268918
-0.9510565162921883
-0.904827052461907
-0.8443279254968362
-0.7705132427696243
-0.6845471059216337
-0.5877852522846383
-0.4817536740931734
-0.36812455267560895
-0.24868988715540105
-0.1253332335546145
9.829995069085062e-12
0.12533323357406306
0.24868988717438834
0.3681245526938355
0.4817536741104016
0.5877852523004976
0.6845471059359238
0.7705132427821199
0.8443279255073706
0.9048270524702778
0.9510565162982461
0.9822872507305651
0.9980267284289007
0.9980267284276384
0.982287250726798
0.9510565162920336
0.904827052461718
0.8443279254965679
0.7705132427693051
0.6845471059212687
0.5877852522842332
0.4817536740927345
0.3681245526751433
0.24868988715491597
0.12533323355411763
-1.0273961814255209e-11
-0.12533323357455992
-0.24868988717487342
-0.3681245526943011
-0.4817536741107906
-0.5877852523009027
-0.6845471059362889
-0.770513242782439
-0.8443279255076085
-0.9048270524704911
-0.9510565162984008
-0.9822872507306589
-0.9980267284289321
-0.998026728427607
-0.9822872507267042
-0.9510565162918788
-0.9048270524615047
-0.84432792549633
-0.7705132427689859
-0.6845471059209036
-0.5877852522838279
-0.4817536740923455
-0.36812455267467764
-0.2486898871544309
-0.12533323355362078
1.0774771978286165e-11
0.1253332335750568
0.24868988717535848
0.36812455269476674
0.4817536741112295
0.5877852523012619
0.6845471059366539
0.7705132427827583
0.8443279255078768
0.9048270524706801
0.9510565162985556
0.9822872507307528
0.9980267284289637
0.9980267284275791
0.9822872507266103
0.951056516291724
0.9048270524612915
0.8443279254960616
0.7705132427686666
0.6845471059205385
0.5877852522834228
0.4817536740919066
0.36812455267426486
0.24868988715394583
0.12533323355312392
-1.1275582142317122e-11
-0.12533323357549725
-0.24868988717584356
-0.3681245526952324
-0.48175367411166836
-0.5877852523016671
-0.6845471059370191
-0.7705132427830775
-0.8443279255081452
-0.9048270524708933
-0.9510565162986928
-0.9822872507308467
-0.9980267284289951
-0.9980267284275477
-0.9822872507265271
-0.9510565162915694
-0.9048270524610783
-0.8443279254957933
-0.7705132427683836
-0.6845471059201734
-0.5877852522830177
-0.48175367409146774
-0.36812455267379923
-0.24868988715346074
-0.12533323355262704
1.1776392306348077e-11
0.12533323357599413
0.24868988717627358
0.36812455269569805
0.48175367411210723
0.5877852523020722
0.6845471059373427
0.7705132427833967
0.8443279255084135
0.9048270524711066
0.9510565162988476
0.9822872507309405
0.9980267284290265
0.9980267284275162
0.9822872507264333
0.9510565162914322
0.904827052460865
0.8443279254955249
0.7705132427680644
0.6845471059198498
0.5877852522826125
0.48175367409102887
0.3681245526733336
0.24868988715303073
0.1253332335521302
-1.2277202470379033e-11
-0.12533323357649098
-0.24868988717675866
-0.36812455269611083
-0.4817536741125461
-0.5877852523024775
-0.6845471059377077
-0.7705132427836797
-0.8443279255086819
-0.9048270524713198
-0.9510565162990023
-0.9822872507310236
-0.9980267284290579
-0.9980267284274847
-0.9822872507263395
-0.9510565162912774
-0.9048270524606518
-0.8443279254952566
-0.7705132427677452
-0.6845471059194848
-0.5877852522822533
-0.48175367409059
-0.3681245526728679
-0.24868988715254567
-0.12533323355168974
1.2778012634409988e-11
0.12533323357698783
0.24868988717724375
0.36812455269657646
0.4817536741129849
0.5877852523028826
0.6845471059380728
0.770513242783999
0.8443279255089198
0.904827052471533
0.9510565162991571
0.9822872507311176
0.9980267284290859
0.9980267284274533
0.9822872507262456
0.9510565162911226
0.9048270524604628
0.8443279254949883
0.7705132427674259
0.6845471059191196
0.5877852522818482
0.4817536740901512
0.3681245526724023
0.24868988715206058
0.12533323355119286
-1.3221979379580136e-11
-0.1253332335774847
-0.2486898871777288
-0.36812455269704214
-0.481753674113374
-0.5877852523032877
-0.6845471059384379
-0.7705132427843182
-0.8443279255091881
-0.9048270524717462
-0.9510565162993119
-0.9822872507312114
-0.9980267284291173
-0.9980267284274255
-0.9822872507261518
-0.9510565162909679
-0.9048270524602495
-0.8443279254947503
-0.7705132427671068
-0.6845471059187546
-0.587785252281443
-0.4817536740897621
-0.36812455267193667
-0.2486898871515755
-0.125333233550696
1.3722789543611093e-11
0.12533323357798157
0.2486898871782139
0.36812455269750777
0.48175367411381287
0.587785252303647
0.684547105938803
0.7705132427846374
0.8443279255094565
0.9048270524719353
0.9510565162994666
0.9822872507313052
0.9980267284291487
0.9980267284273939
0.9822872507260579
0.9510565162908131
0.9048270524600363
0.844327925494482
0.7705132427668238
0.6845471059183895
0.5877852522810378
0.48175367408932324
0.3681245526715239
0.24868988715109042
0.12533323355019915
-1.4223599707642048e-11
-0.12533323357842202
-0.24868988717869897
-0.3681245526979734
-0.48175367411425174
-0.5877852523040521
-0.684547105939168
-0.7705132427849567
-0.8443279255097248
-0.9048270524721486
-0.9510565162996037
-0.982287250731399
-0.9980267284291802
-0.9980267284273625
-0.9822872507259747
-0.9510565162906583
-0.9048270524598231
-0.8443279254942136
-0.7705132427665045
-0.6845471059180244
-0.5877852522806326
-0.48175367408888436
-0.3681245526710582
-0.2486898871506604
-0.12533323354970227
1.4724409871673004e-11
0.1253332335789189
0.248689887179129
0.368124552698439
0.48175367411469056
0.5877852523044572
0.6845471059394916
0.7705132427852759
0.8443279255099931
0.9048270524723617
0.9510565162997585
0.9822872507314823
0.9980267284292116
0.9980267284273311
0.9822872507258809
0.9510565162905211
0.9048270524596098
0.8443279254939453
0.7705132427661853
0.6845471059177007
0.5877852522802275
0.4817536740884455
0.3681245526705926
0.24868988715017534
0.12533323354920542
-1.522522003570396e-11
-0.12533323357941575
-0.24868988717961404
-0.36812455269885186
-0.4817536741151294
-0.5877852523048624
-0.6845471059398568
-0.7705132427855589
-0.8443279255102615
-0.904827052472575
-0.9510565162999133
-0.9822872507315761
-0.9980267284292431
-0.9980267284272997
-0.982287250725787
-0.9510565162903664
-0.9048270524594209
-0.844327925493677
-0.7705132427658661
-0.6845471059173357
-0.5877852522798683
-0.4817536740880067
-0.36812455267012695
-0.24868988714969026
-0.12533323354876497
1.5726030199734917e-11
0.1253332335799126
0.24868988718009913
0.3681245526993175
0.4817536741155683
0.5877852523052676
0.6845471059402218
0.7705132427858781
0.8443279255104994
0.9048270524727883
0.951056516300068
0.9822872507316699
0.998026728429271
0.9980267284272681
0.9822872507256932
0.9510565162902116
0.9048270524592076
0.8443279254934086
0.7705132427655468
0.6845471059169707
0.5877852522794631
0.4817536740876176
0.3681245526696613
0.24868988714920517
0.12533323354826809
-1.6169996944905062e-11
-0.12533323358040946
-0.2486898871805842
-0.3681245526997831
-0.4817536741159574
-0.5877852523056728
-0.6845471059405869
-0.7705132427861974
-0.8443279255107677
-0.9048270524730014
-0.9510565163002228
-0.9822872507317638
-0.9980267284293024
-0.9980267284272403
-0.9822872507255993
-0.9510565162900569
-0.9048270524589943
-0.8443279254931707
-0.7705132427652276
-0.6845471059166055
-0.587785252279058
-0.48175367408717873
-0.36812455266919564
-0.2486898871487201
-0.12533323354777123
1.667080710893602e-11
0.12533323358084994
0.2486898871810693
0.36812455270024874
0.48175367411639625
0.587785252306032
0.684547105940952
0.7705132427865166
0.8443279255110361
0.9048270524731905
0.9510565163003776
0.9822872507318576
0.9980267284293338
0.9980267284272089
0.9822872507255055
0.9510565162899022
0.9048270524587811
0.8443279254929024
0.7705132427649446
0.6845471059162405
0.5877852522786529
0.48175367408673986
0.36812455266878286
0.24868988714823503
0.12533323354727438
-1.7171617272966975e-11
-0.1253332335813468
-0.24868988718155435
-0.3681245527007144
-0.48175367411683506
-0.5877852523064371
-0.6845471059412757
-0.7705132427868359
-0.8443279255113044
-0.9048270524734038
-0.9510565163005148
-0.9822872507319514
-0.9980267284293654
-0.9980267284271774
-0.9822872507254223
-0.9510565162897474
-0.9048270524585679
-0.844327925492634
-0.7705132427646254
-0.6845471059159168
-0.5877852522782476
-0.481753674086301
-0.36812455266831723
-0.24868988714780502
-0.1253332335467775
1.7672427436997932e-11
0.12533323358184367
0.24868988718198437
0.36812455270118005
0.48175367411727393
0.5877852523068423
0.6845471059416407
0.770513242787155
0.8443279255115728
0.9048270524736169
0.9510565163006696
0.9822872507320346
0.9980267284293968
0.998026728427146
0.9822872507253285
0.9510565162896102
0.9048270524583546
0.8443279254923657
0.7705132427643061
0.6845471059155518
0.5877852522778425
0.48175367408586217
0.3681245526678516
0.24868988714731993
0.12533323354633705
-1.8173237601028888e-11
-0.12533323358234053
-0.24868988718246945
-0.36812455270159283
-0.4817536741177128
-0.5877852523072474
-0.6845471059420057
-0.770513242787438
-0.8443279255118411
-0.9048270524738302
-0.9510565163008243
-0.9822872507321285
-0.9980267284294282
-0.9980267284271145
-0.9822872507252346
-0.9510565162894554
-0.9048270524581656
-0.8443279254920973
-0.7705132427639869
-0.6845471059151866
-0.5877852522774833
-0.4817536740854233
-0.3681245526673859
-0.24868988714683485
-0.1253332335458402
1.8674047765059845e-11
0.12533323358283738
0.24868988718295454
0.36812455270205846
0.4817536741181019
0.5877852523076526
0.6845471059423709
0.7705132427877572
0.844327925512079
0.9048270524740435
0.9510565163009791
0.9822872507322223
0.9980267284294561
0.9980267284270831
0.9822872507251408
0.9510565162893007
0.9048270524579524
0.844327925491829
0.7705132427636677
0.6845471059148216
0.5877852522770781
0.4817536740850342
0.3681245526669203
0.2486898871463498
0.12533323354534331
-1.911801451022999e-11
-0.12533323358333423
-0.24868988718343962
-0.3681245527025241
-0.48175367411854075
-0.5877852523080578
-0.6845471059427359
-0.7705132427880765
-0.8443279255123474
-0.9048270524742325
-0.9510565163011339
-0.9822872507323162
-0.9980267284294875
-0.9980267284270552
-0.982287250725047
-0.9510565162891459
-0.9048270524577391
-0.8443279254915911
-0.7705132427633484
-0.6845471059144566
-0.587785252276673
-0.48175367408459535
-0.36812455266645466
-0.2486898871458647
-0.12533323354484646
1.9618824674260947e-11
0.1253332335837747
0.24868988718392468
0.36812455270298977
0.48175367411897957
0.5877852523084169
0.684547105943101
0.7705132427883957
0.8443279255126157
0.9048270524744457
0.9510565163012885
0.98228725073241
0.998026728429519
0.9980267284270238
0.9822872507249638
0.9510565162889911
0.9048270524575259
0.8443279254913227
0.7705132427630654
0.6845471059140915
0.5877852522762679
0.48175367408415654
0.3681245526660419
0.24868988714537962
0.1253332335443496
-2.0119634838291903e-11
-0.12533323358427156
-0.2486898871843547
-0.3681245527034554
-0.48175367411941844
-0.5877852523088221
-0.6845471059434246
-0.7705132427887149
-0.844327925512884
-0.904827052474659
-0.9510565163014257
-0.9822872507325039
-0.9980267284295504
-0.9980267284269924
-0.9822872507248699
-0.9510565162888364
-0.9048270524573127
-0.8443279254910544
-0.7705132427627462
-0.6845471059137678
-0.5877852522758626
-0.48175367408371766
-0.36812455266557625
-0.2486898871449496
-0.12533323354385273
2.062044500232286e-11
0.12533323358476844
0.24868988718483978
0.368124552703921
0.4817536741198573
0.5877852523092273
0.6845471059437898
0.7705132427889979
0.8443279255131524
0.9048270524748722
0.9510565163015805
0.982287250732587
0.9980267284295818
0.9980267284269608
0.9822872507247761
0.9510565162886991
0.9048270524570994
0.8443279254907861
0.770513242762427
0.6845471059134027
0.5877852522754575
0.4817536740832788
0.36812455266511057
0.24868988714446452
0.12533323354341228
-2.1121255166353816e-11
-0.1253332335852653
-0.24868988718532486
-0.3681245527043338
-0.4817536741202962
-0.5877852523096324
-0.6845471059441548
-0.7705132427893172
-0.8443279255134207
-0.9048270524750854
-0.9510565163017353
-0.9822872507326809
-0.9980267284296097
-0.9980267284269294
-0.9822872507246823
-0.9510565162885444
-0.9048270524569104
-0.8443279254905177
-0.7705132427621078
-0.6845471059130377
-0.5877852522750984
-0.4817536740828399
-0.36812455266464494
-0.24868988714397947
-0.12533323354291542
2.1622065330384772e-11
0.12533323358576215
0.24868988718580992
0.3681245527047995
0.48175367412068526
0.5877852523100375
0.6845471059445198
0.7705132427896364
0.8443279255136587
0.9048270524752986
0.95105651630189
0.9822872507327747
0.9980267284296411
0.998026728426898
0.9822872507245884
0.9510565162883897
0.9048270524566971
0.8443279254902798
0.7705132427617886
0.6845471059126726
0.5877852522746931
0.48175367408245084
0.3681245526641793
0.24868988714349438
0.12533323354241854
-2.2066032075554918e-11
-0.125333233586259
-0.248689887186295
-0.3681245527052651
-0.4817536741211241
-0.5877852523103968
-0.6845471059448849
-0.7705132427899556
-0.844327925513927
-0.9048270524754877
-0.9510565163020448
-0.9822872507328686
-0.9980267284296727
-0.9980267284268701
-0.9822872507244945
-0.951056516288235
-0.9048270524564839
-0.8443279254900115
-0.7705132427614694
-0.6845471059123075
-0.587785252274288
-0.48175367408201203
-0.36812455266376654
-0.2486898871430093
-0.1253332335419217
2.2566842239585874e-11
0.12533323358669948
0.2486898871867801
0.36812455270573075
0.48175367412156295
0.5877852523108019
0.68454710594525
0.7705132427902749
0.8443279255141953
0.9048270524757009
0.951056516302182
0.9822872507329624
0.9980267284297041
0.9980267284268387
0.9822872507244114
0.9510565162880802
0.9048270524562707
0.8443279254897431
0.7705132427611864
0.6845471059119425
0.5877852522738829
0.48175367408157316
0.36812455266330085
0.2486898871425242
0.12533323354142484
-2.306765240361683e-11
-0.12533323358719634
-0.2486898871872101
-0.3681245527061964
-0.4817536741220018
-0.587785252311207
-0.6845471059455737
-0.7705132427905941
-0.8443279255144637
-0.9048270524759141
-0.9510565163023368
-0.9822872507330562
-0.9980267284297355
-0.9980267284268072
-0.9822872507243176
-0.951056516287943
-0.9048270524560574
-0.8443279254894748
-0.7705132427608671
-0.6845471059116188
-0.5877852522734777
-0.4817536740811343
-0.3681245526628352
-0.2486898871420942
-0.12533323354092796
2.3568462567647787e-11
0.12533323358769322
0.2486898871876952
0.36812455270666206
0.4817536741224407
0.5877852523116123
0.6845471059459387
0.7705132427908771
0.844327925514732
0.9048270524761274
0.9510565163024916
0.9822872507331395
0.9980267284297669
0.9980267284267758
0.9822872507242236
0.9510565162877882
0.9048270524558443
0.8443279254892064
0.7705132427605479
0.6845471059112538
0.5877852522731185
0.4817536740806954
0.3681245526623696
0.24868988714160914
0.1253332335404875
-2.4069272731678744e-11
-0.12533323358819007
-0.24868988718818025
-0.36812455270707484
-0.48175367412287956
-0.5877852523120174
-0.6845471059463037
-0.7705132427911963
-0.8443279255150004
-0.9048270524763407
-0.9510565163026463
-0.9822872507332333
-0.9980267284297948
-0.9980267284267443
-0.9822872507241298
-0.9510565162876334
-0.9048270524556552
-0.8443279254889381
-0.7705132427602287
-0.6845471059108886
-0.5877852522727134
-0.48175367408025654
-0.36812455266190397
-0.24868988714112406
-0.12533323353999065
2.451323947684889e-11
0.12533323358868692
0.24868988718866533
0.36812455270754046
0.4817536741232686
0.5877852523124226
0.6845471059466689
0.7705132427915156
0.8443279255152383
0.9048270524765538
0.951056516302801
0.9822872507333271
0.9980267284298263
0.9980267284267165
0.982287250724036
0.9510565162874787
0.9048270524554419
0.8443279254887002
0.7705132427599094
0.6845471059105236
0.5877852522723082
0.4817536740798675
0.3681245526614383
0.24868988714063897
0.12533323353949377
-2.5014049640879845e-11
-0.12533323358918377
-0.24868988718915042
-0.3681245527080061
-0.48175367412370745
-0.5877852523127818
-0.6845471059470339
-0.7705132427918348
-0.8443279255155066
-0.9048270524767429
-0.9510565163029557
-0.9822872507334209
-0.9980267284298577
-0.9980267284266849
-0.9822872507239422
-0.9510565162873239
-0.9048270524552288
-0.8443279254884318
-0.7705132427596264
-0.6845471059101585
-0.587785252271903
-0.48175367407942865
-0.3681245526610255
-0.24868988714015391
-0.12533323353899692
2.5514859804910802e-11
0.12533323358962425
0.2486898871896355
0.3681245527084718
0.4817536741241463
0.5877852523131869
0.684547105947399
0.770513242792154
0.844327925515775
0.9048270524769562
0.951056516303093
0.9822872507335149
0.9980267284298892
0.9980267284266535
0.9822872507238589
0.9510565162871691
0.9048270524550155
0.8443279254881635
0.7705132427593072
0.6845471059097934
0.5877852522714978
0.4817536740789898
0.3681245526605599
0.2486898871397239
0.12533323353850007
-2.6015669968941758e-11
-0.1253332335901211
-0.24868988719006552
-0.3681245527089374
-0.4817536741245852
-0.5877852523135921
-0.6845471059477226
-0.7705132427924732
-0.8443279255160433
-0.9048270524771693
-0.9510565163032477
-0.9822872507336087
-0.9980267284299206
-0.9980267284266221
-0.9822872507237651
-0.9510565162870319
-0.9048270524548022
-0.8443279254878951
-0.770513242758988
-0.6845471059094698
-0.5877852522710927
-0.4817536740785509
-0.36812455266009425
-0.2486898871392388
-0.12533323353800319
2.6516480132972715e-11
0.125333233590618
0.24868988719055057
0.3681245527093502
0.48175367412502407
0.5877852523139973
0.6845471059480878
0.7705132427927562
0.8443279255163116
0.9048270524773826
0.9510565163034025
0.9822872507336918
0.9980267284299521
0.9980267284265907
0.9822872507236713
0.9510565162868773
0.904827052454589
0.8443279254876268
0.7705132427586687
0.6845471059091047
0.5877852522707335
0.48175367407811204
0.36812455265962857
0.24868988713875373
0.12533323353756273
-2.701729029700367e-11
-0.12533323359111484
-0.24868988719103566
-0.3681245527098158
-0.48175367412546294
-0.5877852523144024
-0.6845471059484528
-0.7705132427930754
-0.8443279255165496
-0.9048270524775959
-0.9510565163035573
-0.9822872507337856
-0.99802672842998
-0.9980267284265593
-0.9822872507235775
-0.9510565162867225
-0.9048270524544
-0.8443279254873585
-0.7705132427583495
-0.6845471059087397
-0.5877852522703283
-0.481753674077723
-0.36812455265916294
-0.24868988713826864
-0.12533323353706588
2.7461257042173816e-11
0.1253332335916117
0.24868988719152074
0.36812455271028144
0.48175367412585196
0.5877852523148076
0.6845471059488178
0.7705132427933947
0.8443279255168179
0.904827052477809
0.951056516303712
0.9822872507338796
0.9980267284300114
0.9980267284265313
0.9822872507234836
0.9510565162865677
0.9048270524541867
0.8443279254871205
0.7705132427580302
0.6845471059083745
0.5877852522699232
0.48175367407728414
0.3681245526586973
0.2486898871377836
0.125333233536569
-2.7962067206204773e-11
-0.12533323359205217
-0.2486898871920058
-0.3681245527107471
-0.48175367412629083
-0.5877852523151668
-0.684547105949183
-0.7705132427937139
-0.8443279255170862
-0.9048270524779981
-0.9510565163038668
-0.9822872507339734
-0.9980267284300428
-0.9980267284264999
-0.9822872507233897
-0.951056516286413
-0.9048270524539735
-0.8443279254868522
-0.7705132427577472
-0.6845471059080095
-0.587785252269518
-0.4817536740768453
-0.36812455265828453
-0.2486898871372985
-0.12533323353607215
2.846287737023573e-11
0.12533323359254903
0.24868988719238078
0.3681245527110542
0.48175367412658027
0.5877852523153879
0.6845471059493409
0.7705132427938157
0.8443279255171718
0.9048270524780418
0.951056516303881
0.9822872507339714
0.9980267284300386
0.9980267284265041
0.9822872507234237
0.9510565162864689
0.9048270524540749
0.8443279254869799
0.7705132427579353
0.684547105908266
0.5877852522698487
0.4817536740772532
0.36812455265871735
0.24868988713785953
0.1253332335366468
-2.7826819157050526e-11
-0.12533323359191798
-0.24868988719176469
-0.36812455271051564
-0.4817536741260229
-0.5877852523149194
-0.6845471059488771
-0.7705132427934103
-0.844327925516831
-0.9048270524777711
-0.9510565163036845
-0.9822872507338521
-0.9980267284300022
-0.998026728426544
-0.9822872507235323
-0.9510565162866655
-0.9048270524543457
-0.8443279254873206
-0.7705132427583408
-0.6845471059087297
-0.5877852522703633
-0.48175367407776076
-0.36812455265930877
-0.24868988713842055
-0.12533323353727785
2.7190760943865322e-11
0.12533323359128695
0.24868988719114862
0.3681245527099243
0.4817536741254655
0.5877852523144048
0.6845471059484135
0.7705132427930411
0.8443279255164902
0.9048270524775003
0.9510565163034879
0.982287250733733
0.9980267284299623
0.998026728426584
0.9822872507236514
0.951056516286862
0.9048270524545924
0.8443279254876614
0.77051324275871
0.6845471059091933
0.5877852522708779
0.48175367407831815
0.36812455265990013
0.24868988713903661
0.12533323353790887
-2.6611546149540923e-11
-0.1253332335906559
-0.2486898871905876
-0.36812455270933286
-0.4817536741249081
-0.5877852523138902
-0.6845471059479499
-0.7705132427926357
-0.8443279255161493
-0.9048270524772537
-0.9510565163032914
-0.9822872507336244
-0.9980267284299223
-0.998026728426624
-0.9822872507237707
-0.9510565162870587
-0.9048270524548632
-0.8443279254880023
-0.7705132427591154
-0.684547105909657
-0.5877852522713464
-0.48175367407887554
-0.3681245526604387
-0.24868988713965268
-0.12533323353853992
2.597548793635572e-11
0.12533323359002485
0.24868988718997154
0.3681245527087415
0.48175367412440057
0.5877852523133756
0.6845471059475277
0.7705132427922302
0.8443279255158085
0.9048270524769828
0.9510565163030948
0.9822872507335053
0.9980267284298824
0.9980267284266603
0.9822872507238898
0.9510565162872376
0.904827052455134
0.8443279254883431
0.7705132427595208
0.6845471059101207
0.587785252271861
0.4817536740794329
0.36812455266103006
0.24868988714026877
0.12533323353911457
-2.5339429723170515e-11
-0.1253332335893938
-0.24868988718935545
-0.3681245527081501
-0.4817536741238432
-0.587785252312861
-0.6845471059470639
-0.7705132427918248
-0.8443279255154982
-0.904827052476712
-0.9510565163029158
-0.9822872507333861
-0.9980267284298424
-0.9980267284267003
-0.982287250724009
-0.9510565162874342
-0.9048270524554048
-0.8443279254886534
-0.7705132427599263
-0.6845471059105429
-0.5877852522723755
-0.4817536740799903
-0.3681245526616215
-0.24868988714088483
-0.12533323353974563
2.470337150998531e-11
0.12533323358881918
0.24868988718873938
0.3681245527076115
0.4817536741232858
0.5877852523123465
0.6845471059466003
0.7705132427914193
0.8443279255151573
0.9048270524764411
0.9510565163027193
0.9822872507332668
0.9980267284298061
0.9980267284267402
0.9822872507241175
0.9510565162876308
0.9048270524556756
0.8443279254889943
0.7705132427603317
0.6845471059110065
0.5877852522728901
0.4817536740804979
0.36812455266221283
0.24868988714144585
0.12533323354037665
-2.4067313296800107e-11
-0.12533323358818813
-0.2486898871881233
-0.36812455270702016
-0.4817536741227284
-0.5877852523118778
-0.6845471059461365
-0.7705132427910502
-0.8443279255148165
-0.9048270524761703
-0.9510565163025227
-0.9822872507331477
-0.9980267284297661
-0.9980267284267801
-0.9822872507242367
-0.9510565162878273
-0.9048270524559222
-0.8443279254893351
-0.7705132427607372
-0.6845471059114702
-0.5877852522734047
-0.4817536740810553
-0.36812455266280425
-0.24868988714206194
-0.1253332335410077
2.348809850247571e-11
0.12533323358755707
0.2486898871875623
0.36812455270642874
0.481753674122171
0.5877852523113632
0.6845471059456729
0.7705132427906447
0.8443279255144758
0.9048270524759238
0.9510565163023261
0.9822872507330391
0.9980267284297262
0.99802672842682
0.9822872507243559
0.9510565162880238
0.9048270524561931
0.844327925489676
0.7705132427611063
0.6845471059119339
0.5877852522738733
0.4817536740816126
0.36812455266339567
0.248689887142678
0.12533323354163875
-2.2852040289290505e-11
-0.12533323358692602
-0.2486898871869462
-0.3681245527058374
-0.4817536741216634
-0.5877852523108487
-0.6845471059452093
-0.7705132427902393
-0.8443279255141349
-0.904827052475653
-0.9510565163021296
-0.98228725073292
-0.9980267284296863
-0.9980267284268565
-0.9822872507244751
-0.9510565162882028
-0.9048270524564639
-0.8443279254900167
-0.7705132427615118
-0.6845471059123975
-0.5877852522743879
-0.48175367408217
-0.3681245526639342
-0.24868988714329407
-0.12533323354221337
2.22159820761053e-11
0.125333233586295
0.24868988718633014
0.36812455270524597
0.48175367412110603
0.5877852523103341
0.6845471059447871
0.7705132427898338
0.8443279255138245
0.9048270524753821
0.951056516301933
0.9822872507328008
0.9980267284296463
0.9980267284268963
0.9822872507245942
0.9510565162883994
0.9048270524567347
0.8443279254903271
0.7705132427619172
0.6845471059128198
0.5877852522749025
0.4817536740827274
0.3681245526645256
0.24868988714391016
0.12533323354284442
-2.1579923862920097e-11
-0.12533323358572035
-0.24868988718571405
-0.36812455270470745
-0.4817536741205487
-0.5877852523098195
-0.6845471059443233
-0.7705132427894283
-0.8443279255134837
-0.9048270524751113
-0.951056516301754
-0.9822872507326816
-0.9980267284296099
-0.9980267284269363
-0.9822872507247135
-0.9510565162885959
-0.9048270524570056
-0.8443279254906679
-0.7705132427623227
-0.6845471059132835
-0.5877852522754171
-0.481753674083235
-0.36812455266511696
-0.24868988714452622
-0.12533323354347548
